3800.000000 0.000000
3801.000000 0.000000
3802.000000 0.000000
3802.999756 0.000000
3804.000000 0.000000
3805.000000 0.000000
3806.000000 0.000000
3807.000000 0.000000
3808.000000 0.000000
3809.000000 0.000000
3810.000000 1.007860
3810.999756 0.938883
3812.000000 0.862886
3813.000000 0.764674
3814.000000 0.686136
3815.000000 0.628969
3816.000244 0.593353
3817.000000 0.567756
3818.000000 0.548446
3819.000000 0.529697
3820.000000 0.508808
3821.000000 0.489209
3822.000000 0.471903
3823.000000 0.451560
3824.000244 0.428773
3825.000000 0.409358
3826.000000 0.391119
3827.000000 0.402413
3828.000000 0.413414
3829.000000 0.420650
3830.000000 0.421636
3831.000000 0.414000
3831.999756 0.413918
3833.000000 0.418267
3834.000000 0.433864
3835.000000 0.449599
3836.000000 0.441319
3837.000000 0.430708
3838.000000 0.413957
3839.000000 0.418389
3840.000000 0.443845
3841.000000 0.499355
3842.000000 0.566136
3843.000000 0.608934
3844.000000 0.644557
3845.000244 0.651577
3846.000000 0.647101
3847.000000 0.623239
3848.000000 0.599195
3849.000000 0.575082
3850.000000 0.566461
3851.000000 0.561747
3852.000000 0.558136
3852.999756 0.547567
3854.000000 0.513870
3855.000000 0.476755
3856.000000 0.435461
3857.000000 0.402005
3858.000000 0.372491
3859.000000 0.379449
3860.000000 0.396945
3860.999756 0.468810
3862.000000 0.529725
3863.000000 0.568504
3864.000000 0.579159
3865.000000 0.566405
3866.000000 0.544408
3867.000000 0.519710
3868.000000 0.492121
3869.000000 0.463924
3870.000000 0.432690
3871.000000 0.430915
3872.000000 0.470320
3873.000000 0.534360
3874.000244 0.612209
3875.000000 0.619958
3876.000000 0.611503
3877.000000 0.549430
3878.000000 0.501722
3879.000000 0.489005
3880.000000 0.489919
3881.000000 0.504000
3881.999756 0.533915
3883.000000 0.569599
3884.000000 0.555186
3885.000000 0.535292
3886.000000 0.501675
3887.000000 0.503302
3888.000000 0.560102
3889.000000 0.644836
3889.999756 0.747223
3891.000000 0.809980
3892.000000 0.859889
3893.000000 0.823567
3894.000000 0.789900
3895.000244 0.762971
3896.000000 0.745797
3897.000000 0.739119
3898.000000 0.718320
3899.000000 0.691591
3900.000000 0.692021
3901.000000 0.691226
3902.000000 0.668464
3903.000244 0.642026
3904.000000 0.608978
3905.000000 0.613170
3906.000000 0.643997
3907.000000 0.717836
3908.000000 0.800906
3909.000000 0.836149
3910.000000 0.867552
3910.999756 0.887418
3912.000000 0.902522
3913.000000 0.912142
3914.000000 0.896808
3915.000000 0.870005
3916.000000 0.828148
3917.000000 0.781554
3918.000000 0.711329
3918.999756 0.642208
3920.000000 0.574741
3921.000000 0.544307
3922.000000 0.541221
3923.000000 0.562742
3924.000244 0.589798
3925.000000 0.567063
3926.000000 0.532645
3927.000000 0.459943
3928.000000 0.393395
3929.000000 0.334085
3930.000000 0.285732
3931.000000 0.242748
3932.000244 0.206741
3933.000000 0.177083
3934.000000 0.188468
3935.000000 0.217543
3936.000000 0.279893
3937.000000 0.347924
3938.000000 0.420187
3939.000000 0.468919
3939.999756 0.510798
3941.000000 0.504254
3942.000000 0.494395
3943.000000 0.473236
3944.000000 0.490109
3945.000000 0.553538
3946.000000 0.608246
3947.000000 0.658705
3947.999756 0.689611
3949.000000 0.719202
3950.000000 0.756112
3951.000000 0.777458
3952.000000 0.768816
3953.000244 0.770434
3954.000000 0.780169
3955.000000 0.757060
3956.000000 0.725353
3957.000000 0.713749
3958.000000 0.695860
3959.000000 0.656276
3960.000000 0.584104
3961.000244 0.472357
3962.000000 0.422029
3963.000000 0.401569
3964.000000 0.386164
3965.000000 0.364521
3966.000000 0.293438
3967.000000 0.234327
3968.000000 0.199023
3968.999756 0.208037
3970.000000 0.250543
3971.000000 0.316081
3972.000000 0.387625
3973.000000 0.452868
3974.000000 0.517390
3975.000000 0.580868
3976.000000 0.641785
3977.000000 0.699752
3978.000000 0.763007
3979.000000 0.828673
3980.000000 0.853175
3981.000000 0.866734
3982.000244 0.845498
3983.000000 0.830665
3984.000000 0.829735
3985.000000 0.837549
3986.000000 0.851448
3987.000000 0.882763
3988.000000 0.917396
3989.000000 0.917775
3989.999756 0.919525
3991.000000 0.930636
3992.000000 0.942675
3993.000000 0.955182
3994.000000 0.937883
3995.000000 0.906568
3996.000000 0.871350
3997.000000 0.846262
3997.999756 0.877341
3999.000000 0.918068
4000.000000 0.968653
4001.000000 0.997567
4002.000000 1.010614
4003.000244 0.967446
4004.000000 0.908373
4005.000000 0.825446
4006.000000 0.782643
4007.000000 0.845032
4008.000000 0.905727
4009.000000 0.956301
4010.000000 0.978766
4011.000244 0.989358
4012.000000 0.995453
4013.000000 0.999692
4014.000000 0.997991
4015.000000 0.989330
4016.000000 0.970910
4017.000000 0.962561
4018.000000 0.961325
4018.999756 0.981824
4020.000000 1.004673
4021.000000 0.997775
4022.000000 0.987655
4023.000000 0.977006
4024.000000 0.966498
4025.000000 0.956180
4026.000000 0.972998
4026.999756 1.000631
4028.000000 0.980973
4029.000000 0.936828
4030.000000 0.825357
4031.000000 0.730489
4032.000244 0.667140
4033.000000 0.654323
4034.000000 0.669781
4035.000000 0.758429
4036.000000 0.860426
4037.000000 0.947239
4038.000000 0.999126
4039.000000 0.987570
4040.000244 0.965492
4041.000000 0.941059
4042.000000 0.897067
4043.000000 0.842740
4044.000000 0.694623
4045.000000 0.571189
4046.000000 0.554812
4047.000000 0.618484
4047.999756 0.757583
4049.000000 0.858947
4050.000000 0.935622
4051.000000 0.941660
4052.000000 0.928730
4053.000000 0.891099
4054.000000 0.854520
4055.000000 0.825271
4055.999756 0.794664
4057.000000 0.762372
4058.000000 0.762485
4059.000000 0.773986
4060.000000 0.794661
4061.000244 0.782962
4062.000000 0.694198
4063.000000 0.627236
4064.000000 0.593602
4065.000000 0.634765
4066.000000 0.708783
4067.000000 0.763614
4068.000000 0.805144
4069.000244 0.814622
4070.000000 0.785556
4071.000000 0.712088
4072.000000 0.702384
4073.000000 0.737299
4074.000000 0.775357
4075.000000 0.801796
4076.000000 0.761274
4076.999756 0.732002
4078.000000 0.747230
4079.000000 0.802325
4080.000000 0.884695
4081.000000 0.923745
4082.000000 0.940100
4083.000000 0.901959
4084.000000 0.867629
4084.999756 0.870943
4086.000000 0.906513
4087.000000 0.969901
4088.000000 1.007429
4089.000000 1.028352
4090.000244 1.005166
4091.000000 0.975055
4092.000000 0.955983
4093.000000 0.936782
4094.000000 0.913934
4095.000000 0.873121
4096.000000 0.820160
4097.000000 0.799783
4098.000000 0.789520
4099.000000 0.770200
4100.000000 0.746372
4101.000000 0.717951
4102.000000 0.717021
4103.000000 0.742917
4104.000000 0.786939
4105.000000 0.835846
4106.000000 0.864870
4107.000000 0.880304
4108.000000 0.872786
4109.000000 0.858939
4110.000000 0.843917
4111.000000 0.845884
4112.000000 0.858125
4113.000000 0.883835
4114.000000 0.910228
4115.000000 0.925657
4116.000000 0.924876
4117.000000 0.903429
4118.000000 0.876390
4119.000000 0.848705
4120.000000 0.846541
4121.000000 0.854364
4122.000000 0.862058
4123.000000 0.870419
4124.000000 0.880694
4125.000000 0.879799
4126.000000 0.867445
4127.000000 0.849141
4128.000000 0.829049
4129.000000 0.809201
4130.000000 0.781335
4131.000000 0.731235
4132.000000 0.692203
4133.000000 0.674221
4134.000000 0.703995
4135.000000 0.761342
4136.000000 0.813134
4137.000000 0.855718
4138.000000 0.875375
4139.000000 0.875405
4140.000000 0.856010
4141.000000 0.799136
4142.000000 0.716535
4143.000000 0.660618
4144.000000 0.629739
4145.000000 0.669431
4146.000000 0.725009
4147.000000 0.766618
4148.000000 0.781102
4149.000000 0.773050
4150.000000 0.760924
4151.000000 0.749434
4152.000000 0.738547
4153.000000 0.726515
4154.000000 0.710975
4155.000000 0.703320
4156.000000 0.706464
4157.000000 0.724901
4158.000000 0.751674
4159.000000 0.784614
4160.000000 0.817823
4161.000000 0.845725
4162.000000 0.863387
4163.000000 0.868627
4164.000000 0.852520
4165.000000 0.822092
4166.000000 0.791348
4167.000000 0.766860
4168.000000 0.767264
4169.000000 0.772862
4170.000000 0.770708
4171.000000 0.749257
4172.000000 0.711364
4173.000000 0.692129
4174.000000 0.686926
4175.000000 0.693933
4176.000000 0.704392
4177.000000 0.712526
4178.000000 0.721072
4179.000000 0.731045
4180.000000 0.729674
4181.000000 0.720827
4182.000000 0.719729
4183.000000 0.723937
4184.000000 0.732119
4185.000000 0.727685
4186.000000 0.703819
4187.000000 0.686264
4188.000000 0.678536
4189.000000 0.700887
4190.000000 0.734250
4191.000000 0.757594
4192.000000 0.771099
4193.000000 0.775254
4194.000000 0.755029
4195.000000 0.715160
4196.000000 0.671150
4197.000000 0.631640
4198.000000 0.615518
4199.000000 0.613997
4200.000000 0.620315
4201.000000 0.635655
4202.000000 0.657517
4203.000000 0.697912
4204.000000 0.748815
4205.000000 0.794028
4206.000000 0.827757
4207.000000 0.841615
4208.000000 0.837372
4209.000000 0.820785
4210.000000 0.808713
4211.000000 0.802956
4212.000000 0.795583
4213.000000 0.781031
4214.000000 0.749096
4215.000000 0.724738
4216.000000 0.723502
4217.000000 0.752189
4218.000000 0.800181
4219.000000 0.832964
4220.000000 0.846605
4221.000000 0.829340
4222.000000 0.779634
4223.000000 0.700661
4224.000000 0.606326
4225.000000 0.507984
4226.000000 0.462520
4227.000000 0.465908
4228.000000 0.537332
4229.000000 0.637521
4230.000000 0.723777
4231.000000 0.770173
4232.000000 0.777419
4233.000000 0.755734
4234.000000 0.721988
4235.000000 0.696040
4236.000000 0.682408
4237.000000 0.685406
4238.000000 0.703372
4239.000000 0.730614
4240.000000 0.760865
4241.000000 0.790741
4242.000000 0.816311
4243.000000 0.836141
4244.000000 0.847381
4245.000000 0.840465
4246.000000 0.813236
4247.000000 0.764017
4248.000000 0.701450
4249.000000 0.657858
4250.000000 0.635903
4251.000000 0.637416
4252.000000 0.649335
4253.000000 0.656567
4254.000000 0.667556
4255.000000 0.684661
4256.000000 0.708649
4257.000000 0.728066
4258.000000 0.710125
4259.000000 0.674177
4260.000000 0.647636
4261.000000 0.658491
4262.000000 0.708435
4263.000000 0.766290
4264.000000 0.816174
4265.000000 0.834200
4266.000000 0.822177
4267.000000 0.790201
4268.000000 0.736423
4269.000000 0.667200
4270.000000 0.597972
4271.000000 0.537471
4272.000000 0.508896
4273.000000 0.513735
4274.000000 0.546837
4275.000000 0.603094
4276.000000 0.670313
4277.000000 0.724265
4278.000000 0.758205
4279.000000 0.759053
4280.000000 0.738580
4281.000000 0.724757
4282.000000 0.719366
4283.000000 0.721172
4284.000000 0.719453
4285.000000 0.710342
4286.000000 0.693789
4287.000000 0.671075
4288.000000 0.644645
4289.000000 0.623731
4290.000000 0.617077
4291.000000 0.628165
4292.000000 0.652832
4293.000000 0.669586
4294.000000 0.672553
4295.000000 0.660241
4296.000000 0.630656
4297.000000 0.588245
4298.000000 0.540934
4299.000000 0.495566
4300.000000 0.471037
4301.000000 0.468112
4302.000000 0.474177
4303.000000 0.482399
4304.000000 0.481399
4305.000000 0.467380
4306.000000 0.441945
4307.000000 0.418158
4308.000000 0.403508
4309.000000 0.410792
4310.000000 0.442393
4311.000000 0.489861
4312.000000 0.554103
4313.000000 0.629684
4314.000000 0.713035
4315.000000 0.798856
4316.000000 0.870151
4317.000000 0.917228
4318.000000 0.936354
4319.000000 0.925440
4320.000000 0.895388
4321.000000 0.840215
4322.000000 0.760997
4323.000000 0.675139
4324.000000 0.599679
4325.000000 0.568800
4326.000000 0.594638
4327.000000 0.665123
4328.000000 0.750144
4329.000000 0.823341
4330.000000 0.872279
4331.000000 0.890824
4332.000000 0.904016
4333.000000 0.908034
4334.000000 0.901845
4335.000000 0.877420
4336.000000 0.829669
4337.000000 0.771535
4338.000000 0.710918
4339.000000 0.673291
4340.000000 0.669312
4341.000000 0.691255
4342.000000 0.731260
4343.000000 0.776372
4344.000000 0.815882
4345.000000 0.842147
4346.000000 0.865777
4347.000000 0.881114
4348.000000 0.881148
4349.000000 0.861459
4350.000000 0.819583
4351.000000 0.773916
4352.000000 0.738962
4353.000000 0.727204
4354.000000 0.748491
4355.000000 0.776987
4356.000000 0.806105
4357.000000 0.821754
4358.000000 0.832376
4359.000000 0.842909
4360.000000 0.856095
4361.000000 0.873497
4362.000000 0.890912
4363.000000 0.905078
4364.000000 0.908912
4365.000000 0.904370
4366.000000 0.887575
4367.000000 0.868017
4368.000000 0.846657
4369.000000 0.832386
4370.000000 0.823463
4371.000000 0.809051
4372.000000 0.789630
4373.000000 0.762179
4374.000000 0.739995
4375.000000 0.733963
4376.000000 0.741360
4377.000000 0.761842
4378.000000 0.774694
4379.000000 0.773037
4380.000000 0.726522
4381.000000 0.665134
4382.000000 0.584140
4383.000000 0.530166
4384.000000 0.518251
4385.000000 0.551450
4386.000000 0.609074
4387.000000 0.660642
4388.000000 0.702174
4389.000000 0.713574
4390.000000 0.724521
4391.000000 0.735130
4392.000000 0.747544
4393.000000 0.761491
4394.000000 0.778130
4395.000000 0.796768
4396.000000 0.820749
4397.000000 0.835867
4398.000000 0.835259
4399.000000 0.819946
4400.000000 0.793381
4401.000000 0.756698
4402.000000 0.716589
4403.000000 0.670063
4404.000000 0.633857
4405.000000 0.618883
4406.000000 0.634126
4407.000000 0.673652
4408.000000 0.731605
4409.000000 0.791991
4410.000000 0.836716
4411.000000 0.866200
4412.000000 0.862819
4413.000000 0.836565
4414.000000 0.793143
4415.000000 0.771170
4416.000000 0.759658
4417.000000 0.806712
4418.000000 0.850474
4419.000000 0.885917
4420.000000 0.894904
4421.000000 0.880302
4422.000000 0.855276
4423.000000 0.828023
4424.000000 0.820498
4425.000000 0.817494
4426.000000 0.826843
4427.000000 0.835625
4428.000000 0.843880
4429.000000 0.846837
4430.000000 0.848022
4431.000000 0.835549
4432.000000 0.820126
4433.000000 0.797011
4434.000000 0.781505
4435.000000 0.773776
4436.000000 0.797954
4437.000000 0.834007
4438.000000 0.867816
4439.000000 0.889356
4440.000000 0.874047
4441.000000 0.854748
4442.000000 0.833624
4443.000000 0.839855
4444.000000 0.857782
4445.000000 0.887707
4446.000000 0.913500
4447.000000 0.922577
4448.000000 0.924039
4449.000000 0.918682
4450.000000 0.908547
4451.000000 0.896452
4452.000000 0.860012
4453.000000 0.819506
4454.000000 0.776799
4455.000000 0.744460
4456.000000 0.724963
4457.000000 0.722113
4458.000000 0.726965
4459.000000 0.728855
4460.000000 0.732536
4461.000000 0.745178
4462.000000 0.766843
4463.000000 0.798153
4464.000000 0.826002
4465.000000 0.850971
4466.000000 0.857092
4467.000000 0.858042
4468.000000 0.855705
4469.000000 0.857846
4470.000000 0.866782
4471.000000 0.885439
4472.000000 0.909259
4473.000000 0.925595
4474.000000 0.938614
4475.000000 0.947627
4476.000000 0.951416
4477.000000 0.949241
4478.000000 0.932978
4479.000000 0.908060
4480.000000 0.875539
4481.000000 0.848479
4482.000000 0.850425
4483.000000 0.871154
4484.000000 0.906845
4485.000000 0.933122
4486.000000 0.949716
4487.000000 0.938286
4488.000000 0.917334
4489.000000 0.898571
4490.000000 0.887065
4491.000000 0.885195
4492.000000 0.882331
4493.000000 0.876497
4494.000000 0.866685
4495.000000 0.859628
4496.000000 0.869278
4497.000000 0.888382
4498.000000 0.912155
4499.000000 0.930339
4500.000000 0.942540
4501.000000 0.954285
4502.000000 0.967663
4503.000000 0.985886
4504.000000 1.002507
4505.000000 1.013132
4506.000000 1.015716
4507.000000 1.013042
4508.000000 1.009149
4509.000000 1.004281
4510.000000 0.995829
4511.000000 0.983115
4512.000000 0.966264
4513.000000 0.950504
4514.000000 0.937311
4515.000000 0.931961
4516.000000 0.932499
4517.000000 0.937961
4518.000000 0.946510
4519.000000 0.955854
4520.000000 0.963511
4521.000000 0.969108
4522.000000 0.959672
4523.000000 0.937122
4524.000000 0.904165
4525.000000 0.864031
4526.000000 0.822077
4527.000000 0.788415
4528.000000 0.764841
4529.000000 0.761556
4530.000000 0.773438
4531.000000 0.788309
4532.000000 0.801516
4533.000000 0.808278
4534.000000 0.816595
4535.000000 0.830366
4536.000000 0.856539
4537.000000 0.890428
4538.000000 0.916077
4539.000000 0.929382
4540.000000 0.930352
4541.000000 0.926342
4542.000000 0.923471
4543.000000 0.920729
4544.000000 0.916777
4545.000000 0.908952
4546.000000 0.898459
4547.000000 0.888433
4548.000000 0.881263
4549.000000 0.877902
4550.000000 0.878918
4551.000000 0.883537
4552.000000 0.887087
4553.000000 0.889647
4554.000000 0.891934
4555.000000 0.899380
4556.000000 0.914990
4557.000000 0.936160
4558.000000 0.960146
4559.000000 0.977158
4560.000000 0.983505
4561.000000 0.979762
4562.000000 0.965790
4563.000000 0.943617
4564.000000 0.925176
4565.000000 0.917384
4566.000000 0.921550
4567.000000 0.936185
4568.000000 0.950530
4569.000000 0.957578
4570.000000 0.951893
4571.000000 0.946821
4572.000000 0.947823
4573.000000 0.955532
4574.000000 0.967781
4575.000000 0.975861
4576.000000 0.974934
4577.000000 0.959440
4578.000000 0.936215
4579.000000 0.906529
4580.000000 0.884134
4581.000000 0.872783
4582.000000 0.872321
4583.000000 0.876557
4584.000000 0.879808
4585.000000 0.884874
4586.000000 0.895098
4587.000000 0.912465
4588.000000 0.933980
4589.000000 0.947601
4590.000000 0.950735
4591.000000 0.936290
4592.000000 0.919438
4593.000000 0.903118
4594.000000 0.891092
4595.000000 0.884327
4596.000000 0.881173
4597.000000 0.880353
4598.000000 0.881830
4599.000000 0.884193
4600.000000 0.887431
4601.000000 0.889057
4602.000000 0.889794
4603.000000 0.892916
4604.000000 0.898400
4605.000000 0.909028
4606.000000 0.923390
4607.000000 0.943856
4608.000000 0.961853
4609.000000 0.974209
4610.000000 0.972368
4611.000000 0.963674
4612.000000 0.950170
4613.000000 0.942700
4614.000000 0.947291
4615.000000 0.953421
4616.000000 0.959861
4617.000000 0.961537
4618.000000 0.961426
4619.000000 0.960653
4620.000000 0.960981
4621.000000 0.962880
4622.000000 0.962443
4623.000000 0.960075
4624.000000 0.957487
4625.000000 0.955929
4626.000000 0.959082
4627.000000 0.962258
4628.000000 0.965417
4629.000000 0.968246
4630.000000 0.969729
4631.000000 0.965555
4632.000000 0.959183
4633.000000 0.949493
4634.000000 0.939565
4635.000000 0.928810
4636.000000 0.915397
4637.000000 0.900635
4638.000000 0.888379
4639.000000 0.880433
4640.000000 0.886773
4641.000000 0.893859
4642.000000 0.900123
4643.000000 0.894637
4644.000000 0.879923
4645.000000 0.852865
4646.000000 0.827674
4647.000000 0.816835
4648.000000 0.818596
4649.000000 0.837844
4650.000000 0.862030
4651.000000 0.886468
4652.000000 0.895496
4653.000000 0.898796
4654.000000 0.891166
4655.000000 0.889005
4656.000000 0.895108
4657.000000 0.914042
4658.000000 0.937742
4659.000000 0.953213
4660.000000 0.960424
4661.000000 0.945953
4662.000000 0.924716
4663.000000 0.895566
4664.000000 0.861492
4665.000000 0.825924
4666.000000 0.794839
4667.000000 0.773684
4668.000000 0.778109
4669.000000 0.800941
4670.000000 0.839846
4671.000000 0.867838
4672.000000 0.889836
4673.000000 0.892843
4674.000000 0.896517
4675.000000 0.901168
4676.000000 0.901699
4677.000000 0.897725
4678.000000 0.883476
4679.000000 0.867354
4680.000000 0.857502
4681.000000 0.855038
4682.000000 0.866348
4683.000000 0.879320
4684.000000 0.892802
4685.000000 0.899260
4686.000000 0.902856
4687.000000 0.898915
4688.000000 0.894422
4689.000000 0.889113
4690.000000 0.884631
4691.000000 0.881161
4692.000000 0.883699
4693.000000 0.888242
4694.000000 0.897243
4695.000000 0.901001
4696.000000 0.896703
4697.000000 0.883182
4698.000000 0.864673
4699.000000 0.843817
4700.000000 0.824035
4701.000000 0.809460
4702.000000 0.801199
4703.000000 0.801358
4704.000000 0.812547
4705.000000 0.828178
4706.000000 0.837351
4707.000000 0.844390
4707.999512 0.846233
4709.000000 0.853636
4710.000000 0.866562
4711.000000 0.876468
4712.000000 0.884684
4713.000488 0.880328
4714.000000 0.880060
4715.000000 0.890482
4716.000000 0.911635
4717.000000 0.941976
4718.000000 0.965648
4719.000000 0.985867
4720.000000 0.987558
4721.000000 0.987359
4722.000000 0.983317
4723.000000 0.979629
4723.999512 0.975837
4725.000000 0.960087
4726.000000 0.939996
4727.000000 0.906179
4728.000000 0.877640
4728.999512 0.858404
4730.000000 0.859586
4731.000000 0.872989
4732.000000 0.890504
4733.000000 0.905656
4734.000488 0.906195
4735.000000 0.904686
4736.000000 0.900445
4737.000000 0.904953
4738.000000 0.913701
4739.000000 0.928903
4740.000000 0.942002
4741.000000 0.945519
4742.000000 0.950108
4743.000000 0.955925
4744.000000 0.962689
4744.999512 0.969809
4746.000000 0.973720
4747.000000 0.977205
4748.000000 0.979516
4749.000000 0.975655
4750.000488 0.966026
4751.000000 0.953018
4752.000000 0.938930
4753.000000 0.921874
4754.000000 0.909637
4755.000488 0.907829
4756.000000 0.914394
4757.000000 0.927059
4758.000000 0.941047
4759.000000 0.953265
4760.000000 0.949049
4761.000000 0.939132
4762.000000 0.920059
4763.000000 0.901721
4764.000000 0.883959
4765.000000 0.877176
4765.999512 0.875321
4767.000000 0.891155
4768.000000 0.910115
4769.000000 0.932468
4770.000000 0.945009
4771.000488 0.952734
4772.000000 0.958594
4773.000000 0.966070
4774.000000 0.979739
4775.000000 0.991492
4776.000000 1.000872
4777.000000 1.002909
4778.000000 1.002120
4779.000000 0.997629
4780.000000 0.989659
4781.000000 0.973202
4781.999512 0.957074
4783.000000 0.941650
4784.000000 0.933339
4785.000000 0.927608
4786.000000 0.927635
4786.999512 0.928056
4788.000000 0.928510
4789.000000 0.933519
4790.000000 0.941699
4791.000000 0.956072
4792.000488 0.972809
4793.000000 0.995925
4794.000000 1.013655
4795.000000 1.022690
4796.000000 1.015562
4797.000000 0.999736
4798.000000 0.979838
4799.000000 0.963768
4800.000000 0.964531
4801.000000 0.971985
4802.000000 0.985583
4802.999512 0.990176
4804.000000 0.990518
4805.000000 0.976585
4806.000000 0.962862
4807.000000 0.953466
4808.000488 0.951485
4809.000000 0.955976
4810.000000 0.965975
4811.000000 0.977099
4812.000000 0.981780
4813.000488 0.986036
4814.000000 0.990889
4815.000000 0.998852
4816.000000 1.009100
4817.000000 1.016765
4818.000000 1.022151
4819.000000 1.018595
4820.000000 1.007623
4821.000000 0.986822
4822.000000 0.964211
4823.000000 0.941227
4823.999512 0.939917
4825.000000 0.944570
4826.000000 0.956285
4827.000000 0.961820
4828.000000 0.958729
4829.000488 0.950778
4830.000000 0.941225
4831.000000 0.939150
4832.000000 0.940716
4833.000000 0.948654
4834.000000 0.957401
4835.000000 0.966043
4836.000000 0.965819
4837.000000 0.961194
4838.000000 0.945620
4839.000000 0.930916
4840.000000 0.921140
4841.000000 0.919330
4842.000000 0.922880
4843.000000 0.933673
4844.000000 0.946231
4844.999512 0.958613
4846.000000 0.965936
4847.000000 0.965886
4848.000000 0.961029
4849.000000 0.954000
4850.000488 0.954215
4851.000000 0.953830
4852.000000 0.946347
4853.000000 0.931238
4854.000000 0.909000
4855.000000 0.888341
4856.000000 0.868955
4857.000000 0.849448
4858.000000 0.821908
4859.000000 0.776450
4860.000000 0.737346
4860.999512 0.706829
4862.000000 0.724365
4863.000000 0.760876
4864.000000 0.807818
4865.000000 0.848453
4865.999512 0.875029
4867.000000 0.882264
4868.000000 0.877576
4869.000000 0.846822
4870.000000 0.810907
4871.000488 0.782458
4872.000000 0.777415
4873.000000 0.800876
4874.000000 0.835302
4875.000000 0.872357
4876.000000 0.889959
4877.000000 0.902557
4878.000000 0.914784
4879.000000 0.925710
4880.000000 0.935389
4881.000000 0.933921
4881.999512 0.927101
4883.000000 0.914792
4884.000000 0.898282
4885.000000 0.875881
4886.000000 0.856624
4887.000488 0.840618
4888.000000 0.820932
4889.000000 0.799974
4890.000000 0.778845
4891.000000 0.782344
4892.000488 0.819449
4893.000000 0.881031
4894.000000 0.952908
4895.000000 0.987454
4896.000000 1.006957
4897.000000 1.005285
4898.000000 0.996399
4899.000000 0.983992
4900.000000 0.969868
4901.000000 0.955425
4902.000000 0.942480
4902.999512 0.936415
4904.000000 0.942947
4905.000000 0.954616
4906.000000 0.968640
4907.000000 0.956999
4908.000488 0.936993
4909.000000 0.909333
4910.000000 0.892815
4911.000000 0.893263
4912.000000 0.912797
4913.000000 0.941099
4914.000000 0.956380
4915.000000 0.957577
4916.000000 0.924205
4917.000000 0.865667
4918.000000 0.786686
4918.999512 0.736220
4920.000000 0.703468
4921.000000 0.742702
4922.000000 0.791817
4923.000000 0.843092
4923.999512 0.879742
4925.000000 0.905937
4926.000000 0.931848
4927.000000 0.956651
4928.000000 0.975640
4929.000488 0.987235
4930.000000 0.989875
4931.000000 0.977344
4932.000000 0.957869
4933.000000 0.937915
4934.000000 0.920216
4935.000000 0.908746
4936.000000 0.889475
4937.000000 0.862440
4938.000000 0.850358
4939.000000 0.847512
4939.999512 0.889946
4941.000000 0.933989
4942.000000 0.974628
4943.000000 0.990736
4944.000000 0.991668
4945.000488 0.983279
4946.000000 0.976843
4947.000000 0.984194
4948.000000 0.992587
4949.000000 1.001224
4950.000488 1.002813
4951.000000 1.001342
4952.000000 0.992038
4953.000000 0.975666
4954.000000 0.942243
4955.000000 0.892106
4956.000000 0.829043
4957.000000 0.807251
4958.000000 0.805147
4959.000000 0.878374
4960.000000 0.942205
4960.999512 0.986626
4962.000000 0.997806
4963.000000 0.991025
4964.000000 0.967499
4965.000000 0.944356
4966.000488 0.928306
4967.000000 0.922355
4968.000000 0.927022
4969.000000 0.936576
4970.000000 0.948049
4971.000000 0.968154
4972.000000 0.985763
4973.000000 0.997584
4974.000000 1.000559
4975.000000 0.997363
4976.000000 0.979059
4977.000000 0.958090
4978.000000 0.935802
4979.000000 0.911278
4980.000000 0.883625
4981.000000 0.847282
4981.999512 0.807528
4983.000000 0.796572
4984.000000 0.800492
4985.000000 0.845776
4986.000000 0.892220
4987.000488 0.938870
4988.000000 0.953192
4989.000000 0.957963
4990.000000 0.947379
4991.000000 0.941757
4992.000000 0.944743
4993.000000 0.949752
4994.000000 0.955990
4995.000000 0.963082
4996.000000 0.966672
4997.000000 0.956623
4997.999512 0.938512
4999.000000 0.911528
5000.000000 0.889147
5001.000000 0.869622
5002.000000 0.867007
5002.999512 0.859474
5004.000000 0.841434
5005.000000 0.825663
5006.000000 0.814330
5007.000000 0.844303
5008.000488 0.879848
5009.000000 0.904934
5010.000000 0.907820
5011.000000 0.880384
5012.000000 0.850241
5013.000000 0.821391
5014.000000 0.822842
5015.000000 0.829231
5016.000000 0.844762
5017.000000 0.857295
5018.000000 0.867227
5018.999512 0.877632
5020.000000 0.885908
5021.000000 0.881739
5022.000000 0.883349
5023.000000 0.894186
5024.000488 0.904094
5025.000000 0.911538
5026.000000 0.902260
5027.000000 0.896495
5028.000000 0.907609
5029.000488 0.928093
5030.000000 0.957213
5031.000000 0.978648
5032.000000 0.993984
5033.000000 0.983555
5034.000000 0.964012
5035.000000 0.929218
5036.000000 0.905156
5037.000000 0.887273
5038.000000 0.861677
5039.000000 0.832546
5039.999512 0.799748
5041.000000 0.797163
5042.000000 0.832908
5043.000000 0.890212
5044.000000 0.950651
5045.000488 0.973833
5046.000000 0.978479
5047.000000 0.947236
5048.000000 0.909546
5049.000000 0.872307
5050.000000 0.867614
5051.000000 0.875432
5052.000000 0.901370
5053.000000 0.927112
5054.000000 0.951009
5055.000000 0.965781
5056.000000 0.975106
5057.000000 0.979825
5058.000000 0.985157
5059.000000 0.992364
5060.000000 0.998051
5060.999512 0.998736
5062.000000 0.980802
5063.000000 0.954632
5064.000000 0.919026
5065.000000 0.894217
5066.000488 0.886247
5067.000000 0.886746
5068.000000 0.892980
5069.000000 0.903093
5070.000000 0.909629
5071.000000 0.906620
5072.000000 0.902204
5073.000000 0.898094
5074.000000 0.901126
5075.000000 0.905630
5076.000000 0.904666
5076.999512 0.891989
5078.000000 0.861402
5079.000000 0.828780
5080.000000 0.803973
5081.000000 0.814282
5082.000488 0.832251
5083.000000 0.855278
5084.000000 0.878395
5085.000000 0.900090
5086.000000 0.915906
5087.000488 0.926788
5088.000000 0.928524
5089.000000 0.930608
5090.000000 0.934969
5091.000000 0.945452
5092.000000 0.957303
5093.000000 0.959026
5094.000000 0.949779
5095.000000 0.919327
5096.000000 0.884811
5097.000000 0.849882
5097.999512 0.828132
5099.000000 0.824150
5100.000000 0.856457
5101.000000 0.886358
5102.000000 0.905140
5103.000488 0.906080
5104.000000 0.893731
5105.000000 0.878271
5106.000000 0.862626
5107.000000 0.849226
5108.000000 0.840808
5109.000000 0.841159
5110.000000 0.852750
5111.000000 0.871456
5112.000000 0.895048
5113.000000 0.912774
5114.000000 0.920427
5115.000000 0.925619
5116.000000 0.930146
5117.000000 0.937357
5118.000000 0.939070
5118.999512 0.926269
5120.000000 0.906707
5121.000000 0.879726
5122.000000 0.851816
5123.000000 0.825987
5124.000488 0.807799
5125.000000 0.800339
5126.000000 0.807649
5127.000000 0.814666
5128.000000 0.821343
5129.000000 0.827848
5130.000000 0.837632
5131.000000 0.852498
5132.000000 0.861279
5133.000000 0.863991
5134.000000 0.866989
5134.999512 0.864401
5136.000000 0.848078
5137.000000 0.822556
5138.000000 0.792323
5139.000000 0.781404
5139.999512 0.787098
5141.000000 0.798981
5142.000000 0.809628
5143.000000 0.815238
5144.000000 0.821750
5145.000488 0.824831
5146.000000 0.816951
5147.000000 0.809493
5148.000000 0.813095
5149.000000 0.817821
5150.000000 0.820618
5151.000000 0.818153
5152.000000 0.814194
5153.000000 0.815038
5154.000000 0.822258
5155.000000 0.838509
5155.999512 0.857196
5157.000000 0.874335
5158.000000 0.882422
5159.000000 0.880602
5160.000000 0.867322
5161.000488 0.844331
5162.000000 0.809133
5163.000000 0.769091
5164.000000 0.716251
5165.000000 0.645186
5166.000488 0.578873
5167.000000 0.538805
5168.000000 0.541448
5169.000000 0.570928
5170.000000 0.574963
5171.000000 0.551656
5172.000000 0.511799
5173.000000 0.525342
5174.000000 0.605789
5175.000000 0.696292
5176.000000 0.771172
5176.999512 0.806024
5178.000000 0.811917
5179.000000 0.785438
5180.000000 0.731984
5181.000000 0.649137
5182.000488 0.552004
5183.000000 0.492499
5184.000000 0.506052
5185.000000 0.575331
5186.000000 0.683987
5187.000000 0.764378
5188.000000 0.809571
5189.000000 0.824644
5190.000000 0.812195
5191.000000 0.778866
5192.000000 0.757683
5193.000000 0.756942
5194.000000 0.776758
5195.000000 0.799277
5196.000000 0.815655
5197.000000 0.839291
5197.999512 0.866980
5199.000000 0.886830
5200.000000 0.892751
5201.000000 0.883993
5202.000000 0.860428
5203.000488 0.821796
5204.000000 0.775559
5205.000000 0.732464
5206.000000 0.704148
5207.000000 0.691980
5208.000000 0.696864
5209.000000 0.723926
5210.000000 0.774107
5211.000000 0.835204
5212.000000 0.881154
5213.000000 0.896968
5213.999512 0.881069
5215.000000 0.845894
5216.000000 0.826482
5217.000000 0.833181
5218.000000 0.864628
5219.000488 0.898272
5220.000000 0.921087
5221.000000 0.926049
5222.000000 0.910339
5223.000000 0.880789
5224.000488 0.834243
5225.000000 0.777204
5226.000000 0.736234
5227.000000 0.727203
5228.000000 0.760450
5229.000000 0.808802
5230.000000 0.847023
5231.000000 0.847715
5232.000000 0.823376
5233.000000 0.809650
5234.000000 0.819660
5234.999512 0.856201
5236.000000 0.895026
5237.000000 0.925326
5238.000000 0.941105
5239.000000 0.945953
5240.000488 0.944481
5241.000000 0.938449
5242.000000 0.930496
5243.000000 0.933100
5244.000000 0.939122
5245.000000 0.936432
5246.000000 0.923639
5247.000000 0.902863
5248.000000 0.888644
5249.000000 0.880640
5250.000000 0.876285
5251.000000 0.877466
5252.000000 0.886004
5253.000000 0.886482
5254.000000 0.879258
5255.000000 0.888494
5255.999512 0.908880
5257.000000 0.940308
5258.000000 0.957568
5259.000000 0.957027
5260.000000 0.922469
5261.000488 0.872362
5262.000000 0.810999
5263.000000 0.755325
5264.000000 0.711739
5265.000000 0.691042
5266.000000 0.682379
5267.000000 0.680440
5268.000000 0.667977
5269.000000 0.630147
5270.000000 0.639495
5271.000000 0.689414
5271.999512 0.755546
5273.000000 0.811718
5274.000000 0.821773
5275.000000 0.834765
5276.000000 0.860008
5276.999512 0.899417
5278.000000 0.938599
5279.000000 0.928867
5280.000000 0.902719
5281.000000 0.859967
5282.000488 0.828552
5283.000000 0.804985
5284.000000 0.839790
5285.000000 0.884387
5286.000000 0.937019
5287.000000 0.965639
5288.000000 0.972778
5289.000000 0.981137
5290.000000 0.988836
5291.000000 0.988554
5292.000000 0.981627
5292.999512 0.966404
5294.000000 0.948551
5295.000000 0.929061
5296.000000 0.876249
5297.000000 0.835510
5298.000488 0.822781
5299.000000 0.840105
5300.000000 0.875748
5301.000000 0.886393
5302.000000 0.898868
5303.000488 0.927957
5304.000000 0.956334
5305.000000 0.982510
5306.000000 0.981623
5307.000000 0.975040
5308.000000 0.979828
5309.000000 0.988110
5310.000000 1.000647
5311.000000 1.001489
5312.000000 0.996121
5313.000000 0.985075
5313.999512 0.973222
5315.000000 0.960667
5316.000000 0.952210
5317.000000 0.948356
5318.000000 0.954833
5319.000488 0.959998
5320.000000 0.953358
5321.000000 0.938640
5322.000000 0.912591
5323.000000 0.871948
5324.000000 0.833014
5325.000000 0.822145
5326.000000 0.793998
5327.000000 0.745215
5328.000000 0.719352
5329.000000 0.727294
5330.000000 0.812906
5331.000000 0.886269
5332.000000 0.916826
5333.000000 0.938236
5334.000000 0.952864
5334.999512 0.968468
5336.000000 0.976649
5337.000000 0.963022
5338.000000 0.933044
5339.000000 0.889230
5340.000488 0.855780
5341.000000 0.846968
5342.000000 0.887392
5343.000000 0.919102
5344.000000 0.932597
5345.000000 0.932614
5346.000000 0.924274
5347.000000 0.915245
5348.000000 0.907602
5349.000000 0.907116
5350.000000 0.922366
5350.999512 0.946008
5352.000000 0.961952
5353.000000 0.975433
5354.000000 0.989260
5355.000000 1.005272
5355.999512 1.018910
5357.000000 1.022862
5358.000000 1.020507
5359.000000 1.013874
5360.000000 1.002294
5361.000488 0.985658
5362.000000 0.968343
5363.000000 0.949377
5364.000000 0.928852
5365.000000 0.912314
5366.000000 0.901666
5367.000000 0.894064
5368.000000 0.875980
5369.000000 0.837819
5370.000000 0.799778
5371.000000 0.782446
5371.999512 0.814362
5373.000000 0.879617
5374.000000 0.940065
5375.000000 0.973541
5376.000000 0.978846
5377.000488 0.976548
5378.000000 0.972095
5379.000000 0.970248
5380.000000 0.963909
5381.000000 0.950816
5382.000000 0.933193
5383.000000 0.921476
5384.000000 0.930739
5385.000000 0.948893
5386.000000 0.964379
5387.000000 0.963167
5388.000000 0.949176
5389.000000 0.931010
5390.000000 0.912386
5391.000000 0.896068
5392.000000 0.884245
5392.999512 0.876472
5394.000000 0.876046
5395.000000 0.870728
5396.000000 0.850026
5397.000000 0.840943
5398.000488 0.847731
5399.000000 0.871735
5400.000000 0.897262
5401.000000 0.909994
5402.000000 0.898834
5403.000000 0.868540
5404.000000 0.815246
5405.000000 0.768128
5406.000000 0.775511
5407.000000 0.807398
5408.000000 0.845238
5408.999512 0.853832
5410.000000 0.849314
5411.000000 0.869058
5412.000000 0.894542
5413.000000 0.915466
5413.999512 0.919815
5415.000000 0.914816
5416.000000 0.932621
5417.000000 0.952888
5418.000000 0.962810
5419.000488 0.956512
5420.000000 0.938632
5421.000000 0.930609
5422.000000 0.922317
5423.000000 0.900445
5424.000000 0.892754
5425.000000 0.903477
5426.000000 0.934244
5427.000000 0.960921
5428.000000 0.917162
5429.000000 0.875158
5429.999512 0.853031
5431.000000 0.864624
5432.000000 0.890187
5433.000000 0.870501
5434.000000 0.852547
5435.000488 0.850754
5436.000000 0.876485
5437.000000 0.919840
5438.000000 0.959496
5439.000000 0.991766
5440.000488 1.002560
5441.000000 1.005558
5442.000000 1.003216
5443.000000 0.983224
5444.000000 0.953630
5445.000000 0.895863
5446.000000 0.853616
5447.000000 0.837215
5448.000000 0.877604
5449.000000 0.941776
5450.000000 0.974886
5450.999512 0.992740
5452.000000 0.986777
5453.000000 0.960109
5454.000000 0.921173
5455.000000 0.884531
5456.000488 0.866923
5457.000000 0.909585
5458.000000 0.953246
5459.000000 0.991838
5460.000000 0.990649
5461.000000 0.974061
5462.000000 0.932937
5463.000000 0.908006
5464.000000 0.907988
5465.000000 0.927260
5466.000000 0.953032
5467.000000 0.963123
5468.000000 0.969055
5469.000000 0.970394
5470.000000 0.966285
5471.000000 0.959096
5471.999512 0.951772
5473.000000 0.943731
5474.000000 0.933549
5475.000000 0.908930
5476.000000 0.871734
5477.000488 0.856576
5478.000000 0.856675
5479.000000 0.900785
5480.000000 0.923067
5481.000000 0.913021
5482.000000 0.908507
5483.000000 0.910138
5484.000000 0.944343
5485.000000 0.971142
5486.000000 0.979280
5487.000000 0.964011
5487.999512 0.936541
5489.000000 0.937599
5490.000000 0.946457
5491.000000 0.965555
5492.000000 0.972686
5492.999512 0.969556
5494.000000 0.964772
5495.000000 0.960604
5496.000000 0.959639
5497.000000 0.957519
5498.000488 0.953775
5499.000000 0.965119
5500.000000 0.978705
5501.000000 0.967205
5502.000000 0.953637
5503.000000 0.941160
5504.000000 0.943152
5505.000000 0.951870
5506.000000 0.938259
5507.000000 0.930452
5508.000000 0.940537
5508.999512 0.954671
5510.000000 0.970321
5511.000000 0.954882
5512.000000 0.933928
5513.000000 0.912520
5514.000488 0.907270
5515.000000 0.917540
5516.000000 0.934549
5517.000000 0.952880
5518.000000 0.970309
5519.000000 0.985480
5520.000000 0.997908
5521.000000 0.998520
5522.000000 0.994437
5523.000000 0.992270
5524.000000 0.989514
5525.000000 0.985248
5526.000000 0.969698
5527.000000 0.947750
5528.000000 0.903166
5529.000000 0.873357
5529.999512 0.887681
5531.000000 0.921243
5532.000000 0.966354
5533.000000 0.975141
5534.000000 0.974443
5535.000488 0.967781
5536.000000 0.963027
5537.000000 0.960907
5538.000000 0.962809
5539.000000 0.966791
5540.000000 0.976564
5541.000000 0.986503
5542.000000 0.995768
5543.000000 0.990695
5544.000000 0.979328
5545.000000 0.977761
5545.999512 0.978737
5547.000000 0.982488
5548.000000 0.991688
5549.000000 1.004152
5550.000000 1.016653
5550.999512 1.025002
5552.000000 1.021664
5553.000000 1.011990
5554.000000 0.998036
5555.000000 0.985501
5556.000488 0.976771
5557.000000 0.982800
5558.000000 0.988479
5559.000000 0.991912
5560.000000 0.995450
5561.000000 0.997839
5562.000000 0.989820
5563.000000 0.979011
5564.000000 0.965658
5565.000000 0.958685
5566.000000 0.955082
5566.999512 0.953458
5568.000000 0.951161
5569.000000 0.947106
5570.000000 0.942665
5571.000000 0.938089
5572.000488 0.936174
5573.000000 0.932782
5574.000000 0.923834
5575.000000 0.930525
5576.000000 0.951641
5577.000488 0.967969
5578.000000 0.982149
5579.000000 0.993648
5580.000000 1.000233
5581.000000 1.001544
5582.000000 0.994352
5583.000000 0.985209
5584.000000 0.983506
5585.000000 0.975570
5586.000000 0.956852
5587.000000 0.914655
5587.999512 0.861457
5589.000000 0.085642
5590.000000 0.000000
5591.000000 0.000000
5592.000000 0.000000
5593.000488 0.000000
5594.000000 0.000000
5595.000000 0.000000
5596.000000 0.000000
5597.000000 0.000000
5598.000000 0.000000
5599.000000 0.000000
