3800.000  0.021581
3800.500  0.0532343
3801.000  0.118764
3801.500  0.234696
3802.000  0.402574
3802.500  0.595096
3803.000  0.76648
3803.500  0.882856
3804.000  0.939307
3804.500  0.950131
3805.000  0.9327
3805.500  0.900149
3806.000  0.862748
3806.500  0.830078
3807.000  0.809669
3807.500  0.805085
3808.000  0.81502
3808.500  0.833908
3809.000  0.85382
3809.500  0.866817
3810.000  0.866949
3810.500  0.851403
3811.000  0.820848
3811.500  0.779122
3812.000  0.732149
3812.500  0.686032
3813.000  0.644969
3813.500  0.610255
3814.000  0.581315
3814.500  0.55797
3815.000  0.541724
3815.500  0.53461
3816.000  0.536551
3816.500  0.543805
3817.000  0.54996
3817.500  0.548561
3818.000  0.535576
3818.500  0.510874
3819.000  0.478677
3819.500  0.446584
3820.000  0.422727
3820.500  0.412014
3821.000  0.413779
3821.500  0.422371
3822.000  0.430001
3822.500  0.430111
3823.000  0.419899
3823.500  0.401151
3824.000  0.379081
3824.500  0.359727
3825.000  0.347267
3825.500  0.342748
3826.000  0.34475
3826.500  0.351204
3827.000  0.360894
3827.500  0.373645
3828.000  0.389495
3828.500  0.407849
3829.000  0.426983
3829.500  0.443825
3830.000  0.454397
3830.500  0.45537
3831.000  0.445978
3831.500  0.428779
3832.000  0.408662
3832.500  0.391178
3833.000  0.381296
3833.500  0.382514
3834.000  0.395769
3834.500  0.418422
3835.000  0.444266
3835.500  0.465235
3836.000  0.474303
3836.500  0.468299
3837.000  0.449171
3837.500  0.422854
3838.000  0.396269
3838.500  0.374406
3839.000  0.359591
3839.500  0.353009
3840.000  0.356356
3840.500  0.371629
3841.000  0.399292
3841.500  0.436766
3842.000  0.478674
3842.500  0.518627
3843.000  0.551396
3843.500  0.574425
3844.000  0.58811
3844.500  0.594887
3845.000  0.597933
3845.500  0.600064
3846.000  0.602818
3846.500  0.605567
3847.000  0.6053
3847.500  0.597911
3848.000  0.580832
3848.500  0.55536
3849.000  0.527006
3849.500  0.503397
3850.000  0.490778
3850.500  0.491103
3851.000  0.501397
3851.500  0.515577
3852.000  0.527355
3852.500  0.532285
3853.000  0.528096
3853.500  0.513982
3854.000  0.490232
3854.500  0.458685
3855.000  0.423238
3855.500  0.38924
3856.000  0.361544
3856.500  0.342285
3857.000  0.329964
3857.500  0.320648
3858.000  0.310593
3858.500  0.298727
3859.000  0.287655
3859.500  0.282536
3860.000  0.288326
3860.500  0.307084
3861.000  0.336963
3861.500  0.373025
3862.000  0.408945
3862.500  0.438866
3863.000  0.458992
3863.500  0.46854
3864.000  0.469768
3864.500  0.467078
3865.000  0.465497
3865.500  0.468942
3866.000  0.478878
3866.500  0.494091
3867.000  0.511675
3867.500  0.528443
3868.000  0.541871
3868.500  0.550348
3869.000  0.553035
3869.500  0.549632
3870.000  0.540133
3870.500  0.52469
3871.000  0.504007
3871.500  0.480361
3872.000  0.458166
3872.500  0.442762
3873.000  0.437697
3873.500  0.442522
3874.000  0.452823
3874.500  0.46242
3875.000  0.466117
3875.500  0.46119
3876.000  0.447302
3876.500  0.426016
3877.000  0.401078
3877.500  0.378823
3878.000  0.366899
3878.500  0.370852
3879.000  0.390718
3879.500  0.420465
3880.000  0.450895
3880.500  0.473997
3881.000  0.486098
3881.500  0.488309
3882.000  0.484403
3882.500  0.477542
3883.000  0.467974
3883.500  0.453225
3884.000  0.430546
3884.500  0.399806
3885.000  0.364868
3885.500  0.332602
3886.000  0.310142
3886.500  0.301986
3887.000  0.308623
3887.500  0.327278
3888.000  0.353779
3888.500  0.38416
3889.000  0.415387
3889.500  0.445397
3890.000  0.47275
3890.500  0.496133
3891.000  0.513944
3891.500  0.524296
3892.000  0.525624
3892.500  0.517535
3893.000  0.501213
3893.500  0.479157
3894.000  0.454712
3894.500  0.431905
3895.000  0.415103
3895.500  0.407683
3896.000  0.409957
3896.500  0.418084
3897.000  0.425427
3897.500  0.425943
3898.000  0.417465
3898.500  0.402898
3899.000  0.38878
3899.500  0.382027
3900.000  0.386335
3900.500  0.400115
3901.000  0.417385
3901.500  0.431473
3902.000  0.439112
3902.500  0.441769
3903.000  0.443176
3903.500  0.445486
3904.000  0.447582
3904.500  0.446733
3905.000  0.441711
3905.500  0.434619
3906.000  0.430123
3906.500  0.432829
3907.000  0.444666
3907.500  0.463895
3908.000  0.48617
3908.500  0.506663
3909.000  0.521903
3909.500  0.530554
3910.000  0.533298
3910.500  0.532298
3911.000  0.530441
3911.500  0.530227
3912.000  0.532606
3912.500  0.536707
3913.000  0.54091
3913.500  0.544154
3914.000  0.546072
3914.500  0.546018
3915.000  0.542652
3915.500  0.534939
3916.000  0.523383
3916.500  0.509776
3917.000  0.495527
3917.500  0.480345
3918.000  0.462646
3918.500  0.441322
3919.000  0.417276
3919.500  0.393523
3920.000  0.373674
3920.500  0.359845
3921.000  0.351636
3921.500  0.34713
3922.000  0.345044
3922.500  0.345936
3923.000  0.351247
3923.500  0.3612
3924.000  0.373674
3924.500  0.385013
3925.000  0.391727
3925.500  0.391576
3926.000  0.383685
3926.500  0.368512
3927.000  0.348061
3927.500  0.325698
3928.000  0.304912
3928.500  0.287627
3929.000  0.273633
3929.500  0.261704
3930.000  0.251261
3930.500  0.243096
3931.000  0.238909
3931.500  0.240352
3932.000  0.247951
3932.500  0.259923
3933.000  0.271795
3933.500  0.278128
3934.000  0.275947
3934.500  0.267184
3935.000  0.2578
3935.500  0.25416
3936.000  0.259612
3936.500  0.273658
3937.000  0.293418
3937.500  0.315462
3938.000  0.336751
3938.500  0.354833
3939.000  0.367916
3939.500  0.37492
3940.000  0.375443
3940.500  0.369594
3941.000  0.357789
3941.500  0.340583
3942.000  0.318867
3942.500  0.294596
3943.000  0.271674
3943.500  0.255803
3944.000  0.25255
3944.500  0.264437
3945.000  0.289141
3945.500  0.320253
3946.000  0.350104
3946.500  0.372916
3947.000  0.386841
3947.500  0.394282
3948.000  0.400434
3948.500  0.410523
3949.000  0.427101
3949.500  0.448909
3950.000  0.471801
3950.500  0.490892
3951.000  0.502783
3951.500  0.506991
3952.000  0.506026
3952.500  0.503864
3953.000  0.503407
3953.500  0.504404
3954.000  0.503289
3954.500  0.495317
3955.000  0.477774
3955.500  0.452037
3956.000  0.422994
3956.500  0.396249
3957.000  0.375242
3957.500  0.360089
3958.000  0.348269
3958.500  0.336117
3959.000  0.320232
3959.500  0.298806
3960.000  0.272786
3960.500  0.246208
3961.000  0.224914
3961.500  0.214012
3962.000  0.215564
3962.500  0.227898
3963.000  0.24665
3963.500  0.26658
3964.000  0.283098
3964.500  0.293051
3965.000  0.295101
3965.500  0.290114
3966.000  0.281237
3966.500  0.272888
3967.000  0.268577
3967.500  0.268928
3968.000  0.27156
3968.500  0.273325
3969.000  0.273224
3969.500  0.273452
3970.000  0.277679
3970.500  0.288198
3971.000  0.304444
3971.500  0.323795
3972.000  0.343586
3972.500  0.362664
3973.000  0.381579
3973.500  0.401574
3974.000  0.423162
3974.500  0.44532
3975.000  0.465889
3975.500  0.482893
3976.000  0.495763
3976.500  0.505573
3977.000  0.514252
3977.500  0.523419
3978.000  0.533558
3978.500  0.543797
3979.000  0.552139
3979.500  0.555991
3980.000  0.553241
3980.500  0.543891
3981.000  0.531276
3981.500  0.521244
3982.000  0.51911
3982.500  0.526545
3983.000  0.541031
3983.500  0.558137
3984.000  0.574326
3984.500  0.588121
3985.000  0.599523
3985.500  0.609032
3986.000  0.617158
3986.500  0.624006
3987.000  0.628573
3987.500  0.628311
3988.000  0.620265
3988.500  0.603826
3989.000  0.583043
3989.500  0.565922
3990.000  0.560358
3990.500  0.569585
3991.000  0.590629
3991.500  0.616592
3992.000  0.640445
3992.500  0.657416
3993.000  0.665436
3993.500  0.664732
3994.000  0.657372
3994.500  0.646359
3995.000  0.634181
3995.500  0.621479
3996.000  0.606938
3996.500  0.588919
3997.000  0.568089
3997.500  0.549075
3998.000  0.539188
3998.500  0.544386
3999.000  0.565315
3999.500  0.596648
4000.000  0.630224
4000.500  0.659361
4001.000  0.681142
4001.500  0.695571
4002.000  0.703062
4002.500  0.702606
4003.000  0.692003
4003.500  0.670082
4004.000  0.639403
4004.500  0.607266
4005.000  0.583447
4005.500  0.575465
4006.000  0.584487
4006.500  0.604897
4007.000  0.62772
4007.500  0.645417
4008.000  0.655218
4008.500  0.659584
4009.000  0.663917
4009.500  0.672824
4010.000  0.687174
4010.500  0.70393
4011.000  0.718646
4011.500  0.728289
4012.000  0.732228
4012.500  0.731497
4013.000  0.727903
4013.500  0.723774
4014.000  0.721688
4014.500  0.723353
4015.000  0.728211
4015.500  0.733248
4016.000  0.734838
4016.500  0.731495
4017.000  0.725232
4017.500  0.720128
4018.000  0.719104
4018.500  0.721604
4019.000  0.724171
4019.500  0.723367
4020.000  0.718433
4020.500  0.711464
4021.000  0.70523
4021.500  0.700625
4022.000  0.695804
4022.500  0.687736
4023.000  0.675214
4023.500  0.66104
4024.000  0.651204
4024.500  0.651181
4025.000  0.662219
4025.500  0.680769
4026.000  0.701245
4026.500  0.719164
4027.000  0.731784
4027.500  0.736248
4028.000  0.728
4028.500  0.701957
4029.000  0.656304
4029.500  0.596016
4030.000  0.532484
4030.500  0.47828
4031.000  0.440518
4031.500  0.41814
4032.000  0.405258
4032.500  0.397269
4033.000  0.39458
4033.500  0.401705
4034.000  0.423631
4034.500  0.462508
4035.000  0.516351
4035.500  0.579595
4036.000  0.64466
4036.500  0.703788
4037.000  0.750684
4037.500  0.781705
4038.000  0.796312
4038.500  0.796592
4039.000  0.786092
4039.500  0.768749
4040.000  0.748511
4040.500  0.729216
4041.000  0.713717
4041.500  0.702136
4042.000  0.69076
4042.500  0.673154
4043.000  0.643409
4043.500  0.599574
4044.000  0.545289
4044.500  0.489139
4045.000  0.442403
4045.500  0.415743
4046.000  0.415501
4046.500  0.441179
4047.000  0.485904
4047.500  0.539843
4048.000  0.594359
4048.500  0.644283
4049.000  0.687481
4049.500  0.723042
4050.000  0.75005
4050.500  0.767839
4051.000  0.776965
4051.500  0.779499
4052.000  0.777956
4052.500  0.773684
4053.000  0.766313
4053.500  0.755198
4054.000  0.741721
4054.500  0.729694
4055.000  0.722637
4055.500  0.720243
4056.000  0.718042
4056.500  0.711199
4057.000  0.699031
4057.500  0.685981
4058.000  0.678395
4058.500  0.680091
4059.000  0.689934
4059.500  0.702348
4060.000  0.709671
4060.500  0.704806
4061.000  0.68328
4061.500  0.644637
4062.000  0.59343
4062.500  0.539383
4063.000  0.495565
4063.500  0.473978
4064.000  0.480153
4064.500  0.510119
4065.000  0.552337
4065.500  0.593709
4066.000  0.625736
4066.500  0.64708
4067.000  0.661697
4067.500  0.674457
4068.000  0.687055
4068.500  0.696273
4069.000  0.695375
4069.500  0.678051
4070.000  0.643167
4070.500  0.597622
4071.000  0.555086
4071.500  0.530368
4072.000  0.532303
4072.500  0.559594
4073.000  0.602211
4073.500  0.646827
4074.000  0.682179
4074.500  0.701534
4075.000  0.702532
4075.500  0.686441
4076.000  0.657972
4076.500  0.624929
4077.000  0.596584
4077.500  0.580916
4078.000  0.582341
4078.500  0.601055
4079.000  0.633639
4079.500  0.673906
4080.000  0.713856
4080.500  0.745541
4081.000  0.763801
4081.500  0.768394
4082.000  0.763683
4082.500  0.755909
4083.000  0.750063
4083.500  0.748534
4084.000  0.751893
4084.500  0.760217
4085.000  0.773451
4085.500  0.79102
4086.000  0.811756
4086.500  0.834299
4087.000  0.857131
4087.500  0.877999
4088.000  0.893567
4088.500  0.900197
4089.000  0.895557
4089.500  0.879883
4090.000  0.856062
4090.500  0.828659
4091.000  0.802913
4091.500  0.78414
4092.000  0.776585
4092.500  0.780896
4093.000  0.791675
4093.500  0.798405
4094.000  0.79076
4094.500  0.76496
4095.000  0.72616
4095.500  0.685151
4096.000  0.652085
4096.500  0.631635
4097.000  0.622282
4097.500  0.61905
4098.000  0.616874
4098.500  0.612348
4099.000  0.603905
4099.500  0.591824
4100.000  0.578556
4100.500  0.568407
4101.000  0.565765
4101.500  0.572701
4102.000  0.587774
4102.500  0.607031
4103.000  0.626436
4103.500  0.643972
4104.000  0.660031
4104.500  0.675958
4105.000  0.691941
4105.500  0.705994
4106.000  0.71499
4106.500  0.716869
4107.000  0.712085
4107.500  0.703139
4108.000  0.69281
4108.500  0.682603
4109.000  0.672383
4109.500  0.661128
4110.000  0.648284
4110.500  0.635121
4111.000  0.625182
4111.500  0.623
4112.000  0.631264
4112.500  0.64824
4113.000  0.667797
4113.500  0.682697
4114.000  0.689054
4114.500  0.688614
4115.000  0.687057
4115.500  0.689594
4116.000  0.697101
4116.500  0.705573
4117.000  0.709359
4117.500  0.705867
4118.000  0.698011
4118.500  0.692133
4119.000  0.692984
4119.500  0.700181
4120.000  0.709175
4120.500  0.715336
4121.000  0.717255
4121.500  0.716952
4122.000  0.718272
4122.500  0.725372
4123.000  0.741551
4123.500  0.767365
4124.000  0.798754
4124.500  0.827568
4125.000  0.845234
4125.500  0.846939
4126.000  0.833142
4126.500  0.80821
4127.000  0.778345
4127.500  0.749855
4128.000  0.727273
4128.500  0.711462
4129.000  0.699207
4129.500  0.684963
4130.000  0.663877
4130.500  0.634576
4131.000  0.600683
4131.500  0.569881
4132.000  0.55023
4132.500  0.545881
4133.000  0.555766
4133.500  0.576227
4134.000  0.604218
4134.500  0.637473
4135.000  0.672361
4135.500  0.70345
4136.000  0.726435
4136.500  0.741196
4137.000  0.751285
4137.500  0.760222
4138.000  0.76862
4138.500  0.774668
4139.000  0.776308
4139.500  0.77187
4140.000  0.758423
4140.500  0.730818
4141.000  0.684249
4141.500  0.619403
4142.000  0.545792
4142.500  0.479655
4143.000  0.437328
4143.500  0.428245
4144.000  0.451576
4144.500  0.497621
4145.000  0.552512
4145.500  0.603729
4146.000  0.643981
4146.500  0.67204
4147.000  0.690724
4147.500  0.703871
4148.000  0.714243
4148.500  0.723019
4149.000  0.730311
4149.500  0.735819
4150.000  0.739172
4150.500  0.740007
4151.000  0.738037
4151.500  0.733267
4152.000  0.726193
4152.500  0.717859
4153.000  0.709886
4153.500  0.704471
4154.000  0.703935
4154.500  0.709485
4155.000  0.720029
4155.500  0.732393
4156.000  0.743184
4156.500  0.750726
4157.000  0.755393
4157.500  0.758531
4158.000  0.761494
4158.500  0.765606
4159.000  0.772226
4159.500  0.782113
4160.000  0.794761
4160.500  0.808893
4161.000  0.823762
4161.500  0.839163
4162.000  0.853343
4162.500  0.861062
4163.000  0.855133
4163.500  0.831437
4164.000  0.793263
4164.500  0.750658
4165.000  0.714795
4165.500  0.691827
4166.000  0.680925
4166.500  0.677254
4167.000  0.676594
4167.500  0.677622
4168.000  0.68094
4168.500  0.686678
4169.000  0.692788
4169.500  0.694808
4170.000  0.687247
4170.500  0.666601
4171.000  0.634676
4171.500  0.599529
4172.000  0.572029
4172.500  0.559817
4173.000  0.563326
4173.500  0.577051
4174.000  0.594577
4174.500  0.612672
4175.000  0.631383
4175.500  0.651266
4176.000  0.671361
4176.500  0.690077
4177.000  0.707588
4177.500  0.726546
4178.000  0.749669
4178.500  0.776087
4179.000  0.799861
4179.500  0.812405
4180.000  0.807582
4180.500  0.786126
4181.000  0.756254
4181.500  0.72958
4182.000  0.714825
4182.500  0.713611
4183.000  0.721094
4183.500  0.730191
4184.000  0.735428
4184.500  0.733734
4185.000  0.723233
4185.500  0.703058
4186.000  0.675284
4186.500  0.646618
4187.000  0.626806
4187.500  0.623628
4188.000  0.637841
4188.500  0.662055
4189.000  0.684721
4189.500  0.696831
4190.000  0.69711
4190.500  0.692491
4191.000  0.693521
4191.500  0.707497
4192.000  0.733698
4192.500  0.763794
4193.000  0.786954
4193.500  0.795881
4194.000  0.789765
4194.500  0.772857
4195.000  0.750563
4195.500  0.725966
4196.000  0.698871
4196.500  0.667576
4197.000  0.632034
4197.500  0.5959
4198.000  0.56554
4198.500  0.54628
4199.000  0.538724
4199.500  0.538287
4200.000  0.538574
4200.500  0.536057
4201.000  0.53253
4201.500  0.533571
4202.000  0.544246
4202.500  0.565405
4203.000  0.593432
4203.500  0.623127
4204.000  0.650661
4204.500  0.674092
4205.000  0.692288
4205.500  0.704652
4206.000  0.712058
4206.500  0.716979
4207.000  0.721557
4207.500  0.725353
4208.000  0.725435
4208.500  0.719278
4209.000  0.707995
4209.500  0.696939
4210.000  0.692643
4210.500  0.698119
4211.000  0.710203
4211.500  0.721429
4212.000  0.724986
4212.500  0.718491
4213.000  0.703511
4213.500  0.682214
4214.000  0.655396
4214.500  0.62403
4215.000  0.592045
4215.500  0.566185
4216.000  0.552063
4216.500  0.550111
4217.000  0.555363
4217.500  0.560948
4218.000  0.561852
4218.500  0.556294
4219.000  0.544727
4219.500  0.528095
4220.000  0.506822
4220.500  0.480911
4221.000  0.450692
4221.500  0.417331
4222.000  0.382573
4222.500  0.34797
4223.000  0.314302
4223.500  0.281618
4224.000  0.249769
4224.500  0.219005
4225.000  0.190407
4225.500  0.166036
4226.000  0.148638
4226.500  0.140781
4227.000  0.143756
4227.500  0.156976
4228.000  0.178306
4228.500  0.205036
4229.000  0.234762
4229.500  0.265717
4230.000  0.296547
4230.500  0.325952
4231.000  0.352585
4231.500  0.375384
4232.000  0.394088
4232.500  0.409394
4233.000  0.422429
4233.500  0.433962
4234.000  0.444272
4234.500  0.45394
4235.000  0.464683
4235.500  0.478931
4236.000  0.498062
4236.500  0.520783
4237.000  0.543262
4237.500  0.561042
4238.000  0.571258
4238.500  0.573764
4239.000  0.570846
4239.500  0.566139
4240.000  0.563451
4240.500  0.565782
4241.000  0.574562
4241.500  0.589377
4242.000  0.608443
4242.500  0.629577
4243.000  0.650768
4243.500  0.669867
4244.000  0.68408
4244.500  0.690401
4245.000  0.687126
4245.500  0.675256
4246.000  0.658553
4246.500  0.641987
4247.000  0.629237
4247.500  0.620309
4248.000  0.610736
4248.500  0.593846
4249.000  0.565608
4249.500  0.528735
4250.000  0.492017
4250.500  0.464539
4251.000  0.449133
4251.500  0.440464
4252.000  0.429155
4252.500  0.408749
4253.000  0.380663
4253.500  0.354223
4254.000  0.34185
4254.500  0.352314
4255.000  0.386012
4255.500  0.434924
4256.000  0.486678
4256.500  0.529884
4257.000  0.55775
4257.500  0.568718
4258.000  0.564842
4258.500  0.549975
4259.000  0.529287
4259.500  0.509579
4260.000  0.498431
4260.500  0.501398
4261.000  0.519161
4261.500  0.547449
4262.000  0.580049
4262.500  0.612263
4263.000  0.64202
4263.500  0.668575
4264.000  0.690827
4264.500  0.707
4265.000  0.715621
4265.500  0.716541
4266.000  0.711037
4266.500  0.701041
4267.000  0.688288
4267.500  0.673782
4268.000  0.657377
4268.500  0.637288
4269.000  0.610236
4269.500  0.573179
4270.000  0.526339
4270.500  0.475299
4271.000  0.429581
4271.500  0.397583
4272.000  0.381233
4272.500  0.374869
4273.000  0.369816
4273.500  0.361417
4274.000  0.352936
4274.500  0.353264
4275.000  0.370534
4275.500  0.406823
4276.000  0.457518
4276.500  0.514549
4277.000  0.570067
4277.500  0.618037
4278.000  0.654076
4278.500  0.675364
4279.000  0.681421
4279.500  0.674673
4280.000  0.659474
4280.500  0.63999
4281.000  0.618999
4281.500  0.598994
4282.000  0.584011
4282.500  0.579153
4283.000  0.587129
4283.500  0.604937
4284.000  0.624401
4284.500  0.636578
4285.000  0.636346
4285.500  0.623643
4286.000  0.601276
4286.500  0.571928
4287.000  0.536679
4287.500  0.495667
4288.000  0.450084
4288.500  0.404302
4289.000  0.366355
4289.500  0.345659
4290.000  0.348908
4290.500  0.376753
4291.000  0.423214
4291.500  0.477615
4292.000  0.527897
4292.500  0.56468
4293.000  0.584961
4293.500  0.593095
4294.000  0.597336
4294.500  0.603978
4295.000  0.613701
4295.500  0.622554
4296.000  0.625496
4296.500  0.618848
4297.000  0.60083
4297.500  0.571929
4298.000  0.535915
4298.500  0.499842
4299.000  0.47144
4299.500  0.455244
4300.000  0.450635
4300.500  0.453585
4301.000  0.460608
4301.500  0.471633
4302.000  0.489387
4302.500  0.515597
4303.000  0.547053
4303.500  0.575087
4304.000  0.589517
4304.500  0.584252
4305.000  0.560266
4305.500  0.524104
4306.000  0.483993
4306.500  0.447108
4307.000  0.419429
4307.500  0.406421
4308.000  0.412238
4308.500  0.437788
4309.000  0.479811
4309.500  0.532039
4310.000  0.587336
4310.500  0.639332
4311.000  0.683109
4311.500  0.715276
4312.000  0.733795
4312.500  0.737855
4313.000  0.728546
4313.500  0.71039
4314.000  0.692004
4314.500  0.68349
4315.000  0.690874
4315.500  0.711706
4316.000  0.736
4316.500  0.752372
4317.000  0.754954
4317.500  0.746366
4318.000  0.735217
4318.500  0.730129
4319.000  0.734432
4319.500  0.745136
4320.000  0.756413
4320.500  0.763993
4321.000  0.766542
4321.500  0.76372
4322.000  0.753903
4322.500  0.733994
4323.000  0.701154
4323.500  0.654966
4324.000  0.599216
4324.500  0.542843
4325.000  0.498862
4325.500  0.48037
4326.000  0.494896
4326.500  0.540454
4327.000  0.60598
4327.500  0.675976
4328.000  0.736627
4328.500  0.780232
4329.000  0.806207
4329.500  0.81894
4330.000  0.824238
4330.500  0.826658
4331.000  0.828946
4331.500  0.832899
4332.000  0.839865
4332.500  0.850085
4333.000  0.861922
4333.500  0.872136
4334.000  0.876996
4334.500  0.872951
4335.000  0.856718
4335.500  0.826214
4336.000  0.782987
4336.500  0.734048
4337.000  0.689989
4337.500  0.659624
4338.000  0.645441
4338.500  0.644085
4339.000  0.651107
4339.500  0.664974
4340.000  0.68662
4340.500  0.715758
4341.000  0.74814
4341.500  0.776282
4342.000  0.792669
4342.500  0.793248
4343.000  0.779655
4343.500  0.759288
4344.000  0.742458
4344.500  0.737474
4345.000  0.746668
4345.500  0.766348
4346.000  0.790426
4346.500  0.814381
4347.000  0.836464
4347.500  0.85603
4348.000  0.871076
4348.500  0.877168
4349.000  0.868428
4349.500  0.840322
4350.000  0.792996
4350.500  0.733285
4351.000  0.673582
4351.500  0.627593
4352.000  0.605007
4352.500  0.607902
4353.000  0.630709
4353.500  0.663684
4354.000  0.697774
4354.500  0.728186
4355.000  0.754752
4355.500  0.779439
4356.000  0.802936
4356.500  0.822805
4357.000  0.83442
4357.500  0.834181
4358.000  0.822704
4358.500  0.805488
4359.000  0.790221
4359.500  0.782705
4360.000  0.784366
4360.500  0.792797
4361.000  0.804226
4361.500  0.815798
4362.000  0.826376
4362.500  0.836092
4363.000  0.845431
4363.500  0.854501
4364.000  0.862658
4364.500  0.868489
4365.000  0.870134
4365.500  0.865886
4366.000  0.855116
4366.500  0.839345
4367.000  0.822518
4367.500  0.809461
4368.000  0.803088
4368.500  0.802585
4369.000  0.804271
4369.500  0.804384
4370.000  0.801413
4370.500  0.796374
4371.000  0.79131
4371.500  0.787362
4372.000  0.783687
4372.500  0.777729
4373.000  0.766498
4373.500  0.748094
4374.000  0.723053
4374.500  0.695375
4375.000  0.672377
4375.500  0.662088
4376.000  0.668629
4376.500  0.688521
4377.000  0.711308
4377.500  0.724963
4378.000  0.722826
4378.500  0.707167
4379.000  0.686586
4379.500  0.668973
4380.000  0.65541
4380.500  0.639547
4381.000  0.612546
4381.500  0.5695
4382.000  0.513275
4382.500  0.454302
4383.000  0.407178
4383.500  0.385542
4384.000  0.397101
4384.500  0.440702
4385.000  0.506587
4385.500  0.57967
4386.000  0.64466
4386.500  0.691067
4387.000  0.715788
4387.500  0.722201
4388.000  0.717069
4388.500  0.70779
4389.000  0.701142
4389.500  0.702544
4390.000  0.714713
4390.500  0.736339
4391.000  0.762448
4391.500  0.786664
4392.000  0.803748
4392.500  0.810856
4393.000  0.807739
4393.500  0.796914
4394.000  0.783877
4394.500  0.776135
4395.000  0.780222
4395.500  0.798016
4396.000  0.825198
4396.500  0.853438
4397.000  0.874697
4397.500  0.88431
4398.000  0.88123
4398.500  0.866702
4399.000  0.843424
4399.500  0.815615
4400.000  0.788697
4400.500  0.76737
4401.000  0.752566
4401.500  0.739514
4402.000  0.719194
4402.500  0.683434
4403.000  0.630862
4403.500  0.569767
4404.000  0.515336
4404.500  0.482368
4405.000  0.477654
4405.500  0.49682
4406.000  0.527682
4406.500  0.558169
4407.000  0.583613
4407.500  0.608568
4408.000  0.641778
4408.500  0.68814
4409.000  0.743831
4409.500  0.798178
4410.000  0.8401
4410.500  0.863862
4411.000  0.870457
4411.500  0.864808
4412.000  0.851144
4412.500  0.829738
4413.000  0.797503
4413.500  0.752882
4414.000  0.701366
4414.500  0.656229
4415.000  0.632492
4415.500  0.638534
4416.000  0.672082
4416.500  0.722925
4417.000  0.778865
4417.500  0.830188
4418.000  0.870991
4418.500  0.898723
4419.000  0.913229
4419.500  0.915691
4420.000  0.907472
4420.500  0.889759
4421.000  0.864546
4421.500  0.835894
4422.000  0.809328
4422.500  0.788782
4423.000  0.77343
4423.500  0.75769
4424.000  0.735263
4424.500  0.704337
4425.000  0.669749
4425.500  0.640476
4426.000  0.624878
4426.500  0.62746
4427.000  0.648069
4427.500  0.68198
4428.000  0.7203
4428.500  0.752754
4429.000  0.773186
4429.500  0.783784
4430.000  0.793053
4430.500  0.808146
4431.000  0.827936
4431.500  0.842638
4432.000  0.8398
4432.500  0.811506
4433.000  0.758264
4433.500  0.688922
4434.000  0.618306
4434.500  0.56365
4435.000  0.539818
4435.500  0.553999
4436.000  0.602437
4436.500  0.67207
4437.000  0.746766
4437.500  0.813897
4438.000  0.866858
4438.500  0.903239
4439.000  0.922025
4439.500  0.922615
4440.000  0.9058
4440.500  0.874996
4441.000  0.836666
4441.500  0.799566
4442.000  0.772833
4442.500  0.763335
4443.000  0.773477
4443.500  0.800667
4444.000  0.838363
4444.500  0.877746
4445.000  0.909554
4445.500  0.926535
4446.000  0.926334
4446.500  0.913054
4447.000  0.895498
4447.500  0.882274
4448.000  0.877001
4448.500  0.877259
4449.000  0.877711
4449.500  0.874344
4450.000  0.86638
4450.500  0.854981
4451.000  0.84038
4451.500  0.819902
4452.000  0.788583
4452.500  0.742283
4453.000  0.681288
4453.500  0.612123
4454.000  0.546494
4454.500  0.497681
4455.000  0.475521
4455.500  0.482182
4456.000  0.511304
4456.500  0.551283
4457.000  0.590468
4457.500  0.621072
4458.000  0.640327
4458.500  0.64948
4459.000  0.651646
4459.500  0.649733
4460.000  0.645709
4460.500  0.642064
4461.000  0.643819
4461.500  0.657878
4462.000  0.688647
4462.500  0.733363
4463.000  0.781928
4463.500  0.82204
4464.000  0.845588
4464.500  0.85188
4465.000  0.846629
4465.500  0.838545
4466.000  0.835319
4466.500  0.840208
4467.000  0.850663
4467.500  0.860386
4468.000  0.863958
4468.500  0.860705
4469.000  0.854819
4469.500  0.852097
4470.000  0.856324
4470.500  0.867879
4471.000  0.884543
4471.500  0.902938
4472.000  0.919364
4472.500  0.930171
4473.000  0.932329
4473.500  0.924577
4474.000  0.908684
4474.500  0.889909
4475.000  0.875755
4475.500  0.872997
4476.000  0.884247
4476.500  0.906173
4477.000  0.930677
4477.500  0.948411
4478.000  0.952465
4478.500  0.940415
4479.000  0.914253
4479.500  0.878691
4480.000  0.839069
4480.500  0.800349
4481.000  0.767902
4481.500  0.748359
4482.000  0.748016
4482.500  0.768886
4483.000  0.806054
4483.500  0.849501
4484.000  0.889321
4484.500  0.920063
4485.000  0.941192
4485.500  0.954322
4486.000  0.960178
4486.500  0.957472
4487.000  0.944085
4487.500  0.919429
4488.000  0.886522
4488.500  0.852451
4489.000  0.826558
4489.500  0.816679
4490.000  0.825225
4490.500  0.847736
4491.000  0.875097
4491.500  0.897677
4492.000  0.908389
4492.500  0.9037
4493.000  0.883913
4493.500  0.853539
4494.000  0.820366
4494.500  0.792262
4495.000  0.77385
4495.500  0.766161
4496.000  0.769068
4496.500  0.782957
4497.000  0.807565
4497.500  0.839859
4498.000  0.87397
4498.500  0.903465
4499.000  0.923671
4499.500  0.932725
4500.000  0.931818
4500.500  0.92519
4501.000  0.919093
4501.500  0.919194
4502.000  0.927751
4502.500  0.942745
4503.000  0.959596
4503.500  0.973845
4504.000  0.982777
4504.500  0.985462
4505.000  0.98215
4505.500  0.973992
4506.000  0.963015
4506.500  0.951809
4507.000  0.942756
4507.500  0.937317
4508.000  0.935827
4508.500  0.937669
4509.000  0.941338
4509.500  0.944253
4510.000  0.942896
4510.500  0.934032
4511.000  0.916872
4511.500  0.894711
4512.000  0.874207
4512.500  0.862093
4513.000  0.861537
4513.500  0.870924
4514.000  0.885576
4514.500  0.900411
4515.000  0.911272
4515.500  0.914762
4516.000  0.908273
4516.500  0.891611
4517.000  0.869197
4517.500  0.849931
4518.000  0.843179
4518.500  0.85333
4519.000  0.877296
4519.500  0.906633
4520.000  0.931793
4520.500  0.945319
4521.000  0.943453
4521.500  0.927278
4522.000  0.902976
4522.500  0.879523
4523.000  0.863883
4523.500  0.856836
4524.000  0.852682
4524.500  0.84287
4525.000  0.820887
4525.500  0.785717
4526.000  0.742526
4526.500  0.700421
4527.000  0.668361
4527.500  0.65166
4528.000  0.650843
4528.500  0.662493
4529.000  0.680703
4529.500  0.698895
4530.000  0.71223
4530.500  0.718975
4531.000  0.719137
4531.500  0.71169
4532.000  0.694142
4532.500  0.665301
4533.000  0.627758
4533.500  0.587429
4534.000  0.55178
4534.500  0.529439
4535.000  0.529917
4535.500  0.560411
4536.000  0.620464
4536.500  0.699389
4537.000  0.779913
4537.500  0.84574
4538.000  0.887617
4538.500  0.904607
4539.000  0.90179
4539.500  0.887449
4540.000  0.870882
4540.500  0.860118
4541.000  0.859266
4541.500  0.867029
4542.000  0.877553
4542.500  0.883173
4543.000  0.877708
4543.500  0.859304
4544.000  0.831822
4544.500  0.803526
4545.000  0.783088
4545.500  0.775101
4546.000  0.778025
4546.500  0.785778
4547.000  0.791693
4547.500  0.792549
4548.000  0.790441
4548.500  0.791316
4549.000  0.80067
4549.500  0.819067
4550.000  0.840745
4550.500  0.856731
4551.000  0.860319
4551.500  0.850885
4552.000  0.833309
4552.500  0.813893
4553.000  0.796485
4553.500  0.781996
4554.000  0.770877
4554.500  0.765556
4555.000  0.770235
4555.500  0.788128
4556.000  0.818431
4556.500  0.85568
4557.000  0.892197
4557.500  0.921683
4558.000  0.941243
4558.500  0.951103
4559.000  0.953406
4559.500  0.951283
4560.000  0.947932
4560.500  0.945259
4561.000  0.942845
4561.500  0.938525
4562.000  0.93051
4562.500  0.919255
4563.000  0.907273
4563.500  0.897206
4564.000  0.890333
4564.500  0.887097
4565.000  0.8886
4565.500  0.896682
4566.000  0.911942
4566.500  0.931758
4567.000  0.95061
4567.500  0.962645
4568.000  0.964214
4568.500  0.954451
4569.000  0.934217
4569.500  0.905532
4570.000  0.872635
4570.500  0.843089
4571.000  0.826213
4571.500  0.828454
4572.000  0.848918
4572.500  0.879123
4573.000  0.907684
4573.500  0.926512
4574.000  0.934101
4574.500  0.934118
4575.000  0.931182
4575.500  0.927285
4576.000  0.921205
4576.500  0.910549
4577.000  0.894176
4577.500  0.873039
4578.000  0.849329
4578.500  0.82512
4579.000  0.80197
4579.500  0.781935
4580.000  0.768874
4580.500  0.767962
4581.000  0.782773
4581.500  0.811817
4582.000  0.847525
4582.500  0.878885
4583.000  0.896
4583.500  0.893695
4584.000  0.872759
4584.500  0.839604
4585.000  0.805153
4585.500  0.782226
4586.000  0.780675
4586.500  0.802306
4587.000  0.839667
4587.500  0.880287
4588.000  0.913164
4588.500  0.93266
4589.000  0.938165
4589.500  0.931737
4590.000  0.916423
4590.500  0.895933
4591.000  0.874503
4591.500  0.856165
4592.000  0.843661
4592.500  0.837844
4593.000  0.838096
4593.500  0.843386
4594.000  0.85294
4594.500  0.865946
4595.000  0.880866
4595.500  0.895233
4596.000  0.906247
4596.500  0.911894
4597.000  0.911905
4597.500  0.907592
4598.000  0.900241
4598.500  0.889441
4599.000  0.873652
4599.500  0.853032
4600.000  0.831406
4600.500  0.814539
4601.000  0.806074
4601.500  0.805576
4602.000  0.810524
4602.500  0.819278
4603.000  0.831358
4603.500  0.845399
4604.000  0.858124
4604.500  0.865789
4605.000  0.866534
4605.500  0.861525
4606.000  0.854825
4606.500  0.852364
4607.000  0.859754
4607.500  0.879104
4608.000  0.906876
4608.500  0.935079
4609.000  0.955443
4609.500  0.963575
4610.000  0.960329
4610.500  0.949958
4611.000  0.936873
4611.500  0.923472
4612.000  0.910674
4612.500  0.90005
4613.000  0.894522
4613.500  0.895905
4614.000  0.901831
4614.500  0.906194
4615.000  0.903784
4615.500  0.8949
4616.000  0.885321
4616.500  0.88073
4617.000  0.881732
4617.500  0.880371
4618.000  0.863796
4618.500  0.821578
4619.000  0.752512
4619.500  0.664751
